765
60
66
82
70
76
75
90
81
51
98
77
54
97
71
61
83
96
72
81
89
85
98
81
84
73
93
79
68
95
94
67
89
58
82
57
79
90
99
99
89
100
89
73
84
83
83
61
83
71
86
81
39
74
45
90
72
100
43
64
80
86
74
67
56
93
67
78
75
72
72
38
90
85
92
76
55
78
85
98
90
79
77
75
27
53
97
55
79
66
86
85
85
90
85
74
91
74
74
89
58
82
69
93
76
63
85
64
85
65
84
89
78
71
62
96
89
90
70
44
24
80
82
84
47
90
53
89
60
93
82
80
92
85
90
81
90
65
93
70
72
88
83
92
95
81
65
70
66
42
83
77
58
57
79
65
67
60
63
71
49
91
42
91
53
63
84
63
88
97
60
91
80
35
65
77
62
84
90
84
70
84
79
67
78
80
79
95
69
56
98
68
69
85
44
61
88
90
79
60
87
82
79
72
92
71
19
89
100
94
58
91
96
94
96
71
84
88
94
67
79
41
92
90
88
93
96
81
77
84
71
71
63
96
72
91
80
54
92
83
86
84
80
36
85
68
88
69
79
99
79
93
66
90
90
83
64
26
35
80
90
79
31
95
6
82
79
68
70
84
65
22
15
72
80
53
87
49
62
78
59
93
83
98
80
70
90
88
43
86
86
78
89
49
45
94
52
85
83
81
87
79
25
74
85
77
79
19
69
69
75
28
52
85
38
67
93
88
92
90
96
100
76
91
81
55
83
65
92
68
71
85
86
67
75
38
69
81
77
96
90
86
92
91
93
54
26
94
96
32
74
95
54
54
95
45
59
100
87
93
88
90
45
88
38
60
90
90
87
70
35
73
72
68
46
84
88
60
88
94
100
76
56
79
83
93
81
55
69
77
67
88
76
87
56
79
82
97
87
77
88
52
81
93
82
81
93
79
91
66
92
70
76
91
79
86
92
100
74
74
75
74
76
89
86
91
43
33
81
38
95
71
39
79
67
68
85
78
90
82
90
88
57
96
65
78
33
83
64
70
95
86
29
92
92
87
77
95
86
86
91
58
89
74
93
77
62
89
12
57
70
74
84
82
86
64
91
89
56
66
93
97
87
67
74
74
80
59
61
88
93
92
35
65
41
77
62
74
88
47
10
49
96
41
79
73
92
86
98
90
58
61
76
69
77
77
48
38
64
94
76
64
47
13
70
89
84
78
72
56
97
79
65
88
91
86
85
70
53
38
70
42
80
95
65
12
73
85
57
66
96
87
70
40
82
54
64
89
74
75
68
76
68
84
52
87
80
87
92
71
76
74
80
50
51
13
81
90
74
81
78
65
57
98
61
38
85
89
46
64
68
25
75
88
77
96
77
78
74
88
89
96
95
87
87
74
50
55
75
81
98
87
91
96
70
67
69
94
86
97
80
81
48
56
81
87
90
41
74
49
74
86
90
95
89
80
59
76
86
44
49
80
91
57
94
60
68
34
89
45
85
63
84
96
43
75
94
93
58
89
75
61
96
82
92
96
77
97
98
32
83
86
90
89
87
91
82
93
71
81
33
94
85
65
51
48
84
85
95
87
67
51
87
71
77
92
62
62
88
93
49
94
43
71
43
48
75
90
65
85
83
79
96
90
94
65
92
40
80
88
71
77
56
77
94
37
74
57
47
82
72
89
89
68
80
82
89
85
88
72
88
74
96
83
90
82
56
79
73
87
95
85
70
100
81
79
89
86
71
83
87
77
30
50
71
62